5 5
16 14
4 13
0 19
8 11
12 7
0 11
14 2
0 5
7 19
17 4
16 9
16 12
9 17
6 16
11 4
19 0
3 10
18 12
17 11
18 13
4 4
6 18
15 19
2 19
18 16
5 3
1 2
17 9
1 9
1 12
8 12
4 6
16 1
6 18
3 11
19 14
4 11
12 0
9 18
5 7
8 9
5 7
7 11
19 4
18 6
5 8
7 3
4 16
4 3
11 17
17 19
8 13
4 12
11 13
18 16
19 9
7 14
16 10
11 9
10 18
8 8
2 8
4 16
6 9
7 3
10 18
0 9
10 3
8 5
7 5
1 10
5 15
19 8
19 18
16 9
15 11
2 16
0 2
14 11
1 16
13 4
9 9
1 1
12 12
12 18
16 9
0 4
19 12
13 11
13 1
0 13
17 2
2 6
14 4
6 0
5 17
14 12
6 12
2 11
2 0
8 7
0 9
7 4
5 13
0 0
1 16
19 15
11 17
3 9
18 2
4 11
13 14
19 12
6 15
4 9
19 9
12 18
8 5
4 12
9 9
15 3
0 9
0 7
13 14
1 8
7 5
8 19
4 5
3 0
16 8
6 16
0 18
0 19
3 0
10 0
11 2
19 0
3 19
15 17
7 9
12 8
1 12
1 13
12 0
7 17
2 13
3 0
11 4
19 14
6 1
12 3
15 12
9 19
19 4
5 3
12 19
16 16
15 5
3 12
16 19
14 10
15 6
12 10
9 16
14 1
12 13
16 4
4 0
11 13
6 6
3 13
10 12
12 10
18 11
13 11
16 2
2 12
19 15
17 16
10 3
4 14
17 10
3 7
16 8
8 3
7 17
14 15
0 2
5 8
6 2
2 18
6 18
15 6
0 3
10 4
8 10
16 18
5 18
0 14
2 2
12 8
14 1
16 19
9 0
12 9
2 12
14 12
14 9
1 17
9 12
1 13
4 17
11 10
5 1
15 15
6 12
18 7
5 19
12 10
5 11
12 3
7 9
3 3
9 3
1 8
3 9
6 16
18 7
6 8
7 14
16 3
15 5
4 13
13 3
7 2
7 8
17 4
0 9
8 16
15 12
17 2
2 7
8 13
19 10
6 0
17 4
12 17
12 13
3 7
18 4
15 15
2 16
10 17
10 8
8 12
19 16
11 17
12 19
14 7
0 5
10 11
8 11
6 9
16 15
7 8
1 2
11 3
16 16
5 6
17 10
19 11
4 12
11 9
16 4
11 1
13 4
17 8
2 8
12 14
10 2
16 18
12 10
8 18
6 10
19 1
19 4
18 2
9 17
16 1
4 11
13 10
0 15
3 6
17 14
11 4
8 5
9 17
7 19
18 5
